2119
78707885 72116089
85989380 52407837
219727 65887451
49807739 77246093
38595581 40100098
59552002 5068970
128174 64999389
28607178 15875244
15917969 90328979
32641602 25408936
29174805 70382690
20452881 35708618
17907715 43957520
43005371 79614258
81048584 59796142
53707886 74816894
66217041 88177490
83148193 53128052
67178345 9249878
41357422 80560302
69177246 18771363
50714111 33847046
70236206 41830444
62670898 49047852
56564331 95217895
61373901 7824707
60174560 89044189
7324219 77075195
76876831 8251954
24215699 67471313
72723388 64630127
82043457 26596070
57080078 59954834
79644775 32263184
50408936 50897217
79754638 1660157
24896240 56317139
99761962 81939697
46078491 97546386
11215210 37872315
93548584 12332154
51269531 2212525
88903808 33004761
99157714 4351807
9039307 69567871
20843506 42962647
12911988 88250732
34930420 18173218
59915161 26242066
3033448 88952636
47982788 33142090
97640991 71325683
49526978 79809570
50665283 43017578
73376465 25238037
35787964 70172119
30798340 82025146
87704467 21774292
33749390 71139526
11410523 87387085
3488160 6539917
84667968 63830566
17660523 314332
6729126 26428223
73968506 28964234
96511840 50473022
98599243 51416016
93280029 98474121
77471924 19451905
63015747 38885498
38488770 71118164
63558960 11883545
62869263 47781372
71676636 7849122
53717041 25445557
25161743 74154663
39935303 933838
83099365 15933228
43630982 23599243
57424927 6365967
89105224 13159180
18890381 72213745
81576538 54281616
30569458 70138550
33752442 8566285
12036133 19473267
68389892 34530640
87332153 7080079
74945068 56207275
19818116 29888916
48440552 71041870
87115478 90756225
88711547 37634277
99172973 13262940
88113403 34005737
12628174 91116333
85818481 26995850
44604492 37701416
16860962 43420410
39019776 51477051
34017944 83609008
88574218 62826538
30685425 67938232
65524292 77951050
42828369 57031250
64373779 85482788
58178711 36178589
9600830 41409302
10784913 4656983
31539917 97937011
89025879 60562134
63574219 91937255
35229492 21771241
63720703 58578491
65023804 73645019
13775635 85781860
84545898 84146118
99090576 75128174
33599854 76934814
22186280 24813843
32949829 3112793
53222656 335694
63818359 2224732
70568847 8465577
57742309 93136596
94482421 40188599
24905396 85427856
67120361 98202514
99078369 51904297
81927490 74615478
27264405 52890015
15603638 94461059
82232666 52883911
65689087 90673828
25985718 20233155
46987915 26110840
2365113 50430298
49865723 28280640
86865234 3680420
13601685 52401733
71789551 97338867
17913819 38388062
14916993 43872070
45755005 77423095
29733277 74935913
20538330 53707886
45401001 42211914
70892334 77050781
14602661 35647583
26086426 71896362
97323608 9677124
95233154 38409424
98757934 58093262
33428955 51275635
89453125 28164673
47903442 11810303
85769653 14651490
47360230 19021607
18853760 24307251
87588501 75222778
70187378 51535034
16491700 91876220
1882935 55798340
71664428 11212159
59808350 81384277
33624268 9344483
77709961 10232544
87838745 96401977
60430908 88333129
98660278 79403686
74343872 16427613
48303223 3421021
23144532 45584106
43984985 36703491
37127686 68252563
46356201 15362549
54061890 45498657
22348023 13265992
19778443 60955810
75555420 52731323
86621093 42172241
57275391 21691895
37878418 39987183
11355591 12905884
16317749 6503296
55938721 50872803
84918213 62341308
55252075 22076416
97994995 93777465
84564209 74169922
10778809 70370483
41415405 99716186
5596924 23745728
6298829 70147705
62783813 78121948
5834961 35519409
54440308 73211670
81634521 55746460
89181518 70159912
17956543 78863525
85971069 81085205
31268311 32015991
5184937 12899781
74835205 40756226
15039063 65991211
61505127 42291260
21475220 78433227
57757568 8294678
39663696 56320190
52157593 42916870
35220337 80853271
51394653 71615600
13290406 32824707
6921387 86431884
83593750 25088501
25439453 63342285
79571533 83688354
66268921 17291260
59780884 68228149
78750610 10556031
69610596 72113037
82846069 80053711
91503906 93344116
45986939 99224853
61752319 16387940
59362793 40093994
82037353 95837402
66748047 51174927
3823853 82461548
48977661 16799927
13717652 82241821
17227173 13537598
97924804 89044189
18191529 29281616
13958741 81570434
4330445 60699463
47674561 25161743
72241211 54571533
83779907 69134521
22341919 8761597
67980957 80242920
42977905 98324584
88803100 2880860
72042846 42486572
57312012 86700439
39279175 78027343
12780762 72207641
42364502 54760742
32464600 75006103
59918213 18698120
73611450 59301758
54528809 98535156
25811768 41268921
68969726 61083984
1846314 12957764
68682861 51284790
45092773 27307129
33688355 82382202
81713867 34921265
53039551 91964721
95657348 13241578
24914551 29415894
54638672 78704834
15527344 90457153
65243530 22558594
79943847 64367676
85238647 60916138
97924804 9536744
71243286 39697266
27941895 22955323
89865112 85089111
32492066 19299317
70458984 40124512
77813720 85156250
27593994 78018188
61132812 24139405
31381226 32907105
68606567 58392334
53765869 38574219
17013550 2197266
68942261 15808106
82400512 73251343
35980225 99038696
68719482 57302856
41796875 42837524
19689942 91677856
32626343 98934936
26885987 83435058
12069703 4360962
37286377 27670288
33886719 71353149
13339234 41677857
67633056 19650269
48699951 80511474
65264892 41778565
92745971 49667358
6869507 41979981
87033081 80435180
53591919 39413452
66748047 83557129
85940551 76202392
30371094 46859741
55545044 21020508
30593872 92446899
28543091 8813477
89672851 59072876
48663330 7238770
92300415 25360108
98187255 50543213
59161377 39443970
84866333 31408692
54272461 70690918
32952881 91439819
29217530 49124146
6460572 915528
57458496 8148194
42758179 68426513
61764526 96243286
24664307 71002197
87979126 73214721
69125366 45397949
28158570 56631470
60623169 31106568
46279907 34103394
7446289 5789185
9591675 6994629
48919678 3683472
78762817 81207275
91748046 57662964
59960937 70648193
3588868 55541992
71932983 29049683
41961670 51275635
31280518 75695801
46646118 21658325
9027100 30743408
73681640 9161377
61563110 25738526
99084472 41519165
89175415 4940796
70431518 68713379
25204468 83093261
34402466 7943726
9020997 75280761
18438721 37258911
45883179 64471435
94616699 28411865
6872559 22360230
3890992 59634399
71954345 49200439
68780517 98889160
69348144 48162842
72705078 98269653
14318848 99920654
33993530 90158081
497437 53030395
52792358 25762940
46847534 95785522
58920288 46655273
53463745 25109864
38827515 29956055
69241333 78173828
69802856 97775268
24612427 42303467
39505005 31518555
32437134 8877564
78985595 81723022
10174561 86730957
87313842 14019776
26495362 40820313
75924682 81835937
25390625 71664428
10806275 66513061
30990601 1254273
80694580 75402832
86141967 81008911
69345093 38613892
27905274 87460327
60028076 95001220
53100586 21231079
50390625 8062745
77011108 74960327
5798340 2319336
38369751 85821533
29254151 60830688
53775024 38208008
76071167 74487304
74618530 32250977
91369628 83670044
49728394 83795166
98587036 2911377
46725464 71420288
17050171 69210815
35379028 96170043
36801148 4589844
85919189 69610596
28762818 33532715
85589599 95819091
18386841 45947266
26422119 62942505
894166 46243286
67471313 9976197
26254273 79168701
24578858 84326172
32006836 73049927
90777587 55841064
52066040 91015625
40518189 2911377
79617309 30856323
20785523 36257935
12255860 64160156
82272339 76046753
57455444 55316162
53698730 47937012
26535034 51019287
12435913 13726807
95220947 80926513
54528809 2151490
58920288 60067749
17282105 55551147
60870361 33612061
57485962 57940674
21240235 54681396
38436890 60174560
45361328 35778809
28881836 67807007
39154053 64462280
66989136 7257081
9930420 23922730
92501831 35934448
80664062 9054566
146485 11926270
95858764 78680420
17504883 88876342
47143555 34490967
60375976 51712036
96731567 67425537
68826294 58770752
26834107 62005615
77032470 6027222
93203735 99337768
20037842 79025268
10876465 49368286
30523682 8096314
50277710 92990112
28775025 92547607
71810913 64715576
58920288 9417725
77047729 56414795
74594116 72424316
4617310 72875976
27120972 56719971
48989868 79690551
59384155 55130005
30200196 34194946
58477783 81411743
92706298 40014649
70257568 86245727
61431885 15872193
28952027 1535035
33203125 19287110
4925538 78640747
31643677 15774536
23736573 36212158
3656006 34182739
59603882 83184814
85665893 98779296
56411743 32614136
17669678 78735351
79388427 71951294
33319092 45596314
50570679 5398560
4046631 79412842
71166992 33929444
65454101 14096070
83984375 88668823
4052735 62692261
78991699 83203125
32449341 13134766
95208740 436402
31179810 35147095
21975708 79681396
85229492 88888549
52761841 19549561
93423461 76010132
94680786 62283325
78790283 23675537
86734008 75173950
78030395 42266846
30017090 94653320
38204956 47293091
82943725 48727417
98779296 86227417
24627686 23348999
87142944 60827637
39572144 88342285
5734253 85601806
26770020 48559570
38885498 73013305
86318969 35815430
57522583 86087036
86727905 7302857
49844360 49023438
66012573 66058349
56091309 56430054
69683838 69128418
35565186 71826172
78784179 39056397
43975830 56024170
31112671 44317627
49267578 16006470
88687133 64315796
64065552 14968872
54681396 4592896
22830200 34085083
92843628 77825927
81869507 26666260
52627563 16311646
70327759 55352783
53085327 31497193
70281982 52886963
28665161 86187744
54046631 97201538
90090942 95129394
56851196 41345215
3356934 19473267
12985230 88946533
40039063 70858764
33535767 55792236
2017212 90670776
53878784 8163453
73730469 20111084
28985596 18579102
5099488 26739502
4724122 29504395
78244018 3051758
43286133 65740967
61090088 2792359
30780029 86032104
1065064 30545044
45242310 14581299
61892700 50305176
13085938 43054199
56735229 28601074
32144165 43737793
80718994 77816772
89483642 84436035
95996093 15338135
52020264 85766601
72488403 4132081
58135986 11447144
37411499 90420532
88403320 32226563
36709595 4019165
43524170 54074097
61532593 37026978
7614136 51245117
42877197 66430664
24984741 94854736
67517090 36297608
68508911 17602539
18350220 65179443
27716065 5212403
92282104 94287109
94747924 55313110
98764038 42169190
76284790 94271850
92141723 81414795
9570313 92700195
40899658 3082276
10662842 70193481
86950683 84423828
33050537 29971314
98089599 25582886
64724731 14004517
66738891 70831299
41867066 19302368
58099365 80026245
7266236 65924072
60852051 65875244
91571045 57412720
43518066 62655640
45529175 24191284
69604492 41983032
1339722 90640258
74661255 41311646
91207885 56390381
58398437 20709229
1266480 32522583
94940185 13629151
88967895 23281861
14389038 87200927
42092896 93884277
58776855 77749634
7461548 15133667
65600586 17135620
67510986 25390625
81976318 15512085
92846679 549317
62594604 16189576
48895264 72653198
54617310 88162231
84790039 87783813
22579956 71984863
82592773 43792725
16464234 44561768
95007324 98587036
36074829 18539429
49679565 89514160
94827270 41876221
48245239 54525757
36047363 13226319
38217163 95700073
4977417 78793335
85833740 75808716
29537964 26226807
28039551 88473510
13021851 41223145
31671143 92620849
91821289 42468262
37997437 51788330
61312866 60488891
20751953 68948364
23037720 76101684
35739136 57489014
56307983 84048462
90191650 38906860
67327881 97439575
9967041 7916260
18991089 58679199
32723999 55563354
94482421 72409057
5203248 90957641
97753906 26199341
12728882 52279663
44082642 14511109
19067383 47647095
43768311 31655884
44747925 16525269
32131958 49270630
62020874 52227783
48910522 44033814
34494019 76211548
20208741 91183471
79656982 4736329
46118164 89468383
82366943 98526000
47100830 33184815
37445068 36087036
72305298 96923828
49478149 1248169
22937012 48590088
68008423 25634766
93743896 56420898
86160278 76586914
85845947 5545044
80889892 31271362
93948364 89733886
22973633 27502442
21087647 93994140
34811402 31988526
24075318 33584595
24243164 16540528
42687988 65118408
72442627 82962036
15811158 35354614
4052735 27157593
37591553 83297729
17663575 83135986
56765747 61279297
4772950 37545776
72290039 90560913
35342407 55288696
28356934 17166138
38079834 6964112
61975098 83532715
53582764 38619995
6204224 81585693
88449096 74572754
2169800 2902222
48501587 93823242
23019409 51574707
79205322 70748901
62875366 35363770
91491699 20669556
93997192 842286
1007081 40921021
45199585 28067017
58993530 88079834
4705811 50476074
2877808 81903076
518799 15585327
4742432 76708984
61477661 52145386
45721436 90710449
12097168 59356689
94552612 34020996
4302979 83792114
18325806 25894165
39239502 99633789
3582764 41864014
82214355 57849121
15902710 81375122
23934937 19949341
76086426 96554565
91177368 41934204
81069946 72756958
59979248 24063111
47689819 1452637
74490356 92065429
7403565 36172485
24636841 25418091
30154419 72036743
85665893 98339843
5422974 39593506
72769165 49078369
58645630 53488159
13824463 43164063
31118775 6680298
93478393 46209717
1489258 50765991
71588135 71939087
76977539 53082275
29248047 21005249
32449341 71179199
45462036 76272583
25479126 35296631
57586670 70156860
65484619 79483032
8734131 89675903
65124512 11968995
35162354 34802246
52017212 65429687
96865844 95776367
68951416 17739868
4443360 64974975
40698242 23876953
45376587 49005127
35543823 49566650
62847900 96566772
99673461 47338867
90234375 7818604
92547607 65551758
94375610 40765381
1351929 31082154
30758667 80383300
62695312 96264648
63751221 86026001
69662475 90701294
54992676 82800293
92312622 68585205
73065185 12506104
89828491 92181396
27603150 9780884
42340088 42019653
80917358 19036866
80633545 94503784
40283203 17880249
41836548 57525635
84045410 62564087
29180908 4699707
24612427 21173096
4016114 98855590
61489868 10098267
88162231 45434570
27484131 99475097
4745484 66369629
81204223 3179932
35623169 35101319
48962402 19036866
23562622 63372803
69219971 34829712
97232055 80377197
42697144 65759277
47201538 94937133
41275025 38989258
31033325 81307983
78802490 90872192
35598755 79235840
96957397 92492675
74734497 48901367
69250488 69165039
50411987 71368408
76345825 29501343
55453491 35180664
55761719 69671631
46035767 99685668
79150390 68475342
61987305 75781250
60198975 38882446
23117066 14627076
46356201 51611328
79589843 45022583
97448730 96441650
44573975 50030518
4354859 96807861
87216186 23483277
50823975 43359375
14102173 96987915
71597290 62100220
17309571 78085327
9942627 82699585
17202759 90148925
27725220 22640991
78057861 54669189
71133423 52801514
24685669 6558228
45214844 60125732
38150025 83068847
305176 72967529
58700561 76986694
83514404 64767456
74066162 94692993
58361816 1672364
21231079 9753418
45697022 49731445
79809570 52612305
89068603 7272339
85134887 27062989
97586059 78106689
39208984 94113159
69467163 51193237
47637939 13821411
49395752 2346802
60650635 85803222
22747803 83651733
46362305 78973388
99890136 16220093
74371338 91174316
93643188 51846313
37841797 29321289
43005371 19274903
92199707 50677490
86328125 20654297
38531494 55871582
36996460 93789672
29846192 74316406
64801025 5862427
28323364 32635498
36077881 94213867
91647338 46710205
15777588 19833374
16571045 27987671
84561157 49139404
17843628 44680786
74078369 29739380
70596313 28469849
73507690 75738525
94345092 67327881
10534668 28247071
6710816 75128174
59851074 6723023
24990845 78604126
82348632 16729737
43719482 12341309
48052979 29800415
66314697 62396240
46017456 967408
18957520 49154663
34231568 39624024
24822998 90109253
32702637 99343872
66787720 33099365
12814331 2246094
16738892 729371
86123657 63568115
59619141 36517334
45669556 32067871
90292358 93423461
62957764 11853028
11431885 55401611
93746948 81295776
10464478 32589722
95721435 74633789
43780518 20721436
11230469 41900635
6268311 65463257
18167115 52777100
14324952 22238159
2157593 60055542
80502319 52178955
53161621 88262939
7827759 44851685
39584351 63107300
82028198 8349610
63098144 47402954
89685058 17410279
47207642 99017333
40524292 60150146
62765503 16546631
21926880 74057007
43508911 88311767
63766479 11889649
94754028 10272217
41754150 28045655
48403931 88549804
97375488 26095581
67337036 92098999
2536011 58062744
52371216 71258545
47094727 16085816
54864502 7687378
77331543 7083130
48107910 11407471
63552856 51055908
60650635 30535889
24902344 93661499
24649048 89334106
89532470 73645019
42376709 20199585
18240357 35791016
24032593 5227662
69726562 30020142
99963378 92977905
35562134 87216186
60418701 6054688
23016358 12457276
25973511 5126954
13848877 86257934
1742554 25033570
77227783 14416504
18502808 48559570
64843750 17156983
13854981 33569336
66400146 98117065
56561279 59045410
53567505 83886718
67156982 5725098
90548706 74624634
37976074 36917114
39355469 96487426
5740357 95156860
37945557 96411132
79772949 80279541
79342651 69900512
79040527 24588013
69854736 62460327
81069946 30700684
94503784 35287476
35955811 87734985
67831421 35821533
48471069 31423950
98156738 63851929
81512451 63790893
43463135 73699951
83944702 98062133
86984253 3192139
95980835 44351196
10650635 70025635
35235596 1818848
94537353 26104737
16543579 72888183
20364380 10546875
8734131 65167236
7272339 91925048
81405639 96685791
57913208 40396118
44882202 70071411
43048096 20349121
36456299 31311035
2709961 44168091
56051636 78683471
92144775 77764892
4406739 37551880
50540161 38500977
26950073 66546631
20788575 76086426
16427613 10876465
98315429 77157593
77490234 68292236
37155151 84069824
6280518 83392334
91360473 68600464
88201904 35858154
19900513 51150513
66979980 38284302
33160401 6069947
88113403 9179688
9158326 43765259
69909668 36788941
57629394 10159302
5136109 99389648
60067749 94183349
46490479 57620239
63885498 83895874
78967285 84533691
58789062 61843872
32287598 48953247
13507080 80325317
36468506 17770386
1010132 7159424
73687744 92846679
90304565 82577514
29568482 48065186
32974243 77874756
97006225 82226562
22573853 96450805
35644531 53399658
54983520 7864380
40151978 10314942
67883301 55496216
20416260 86477661
87429809 28491211
46755981 72589111
60317993 38580322
63336182 32922363
99288940 92407226
22817993 81250000
20260620 99981689
45480347 81988525
99160766 9902955
55834961 92150878
26644898 11953736
99938964 9753418
88763427 97720336
96466064 44271851
51736450 19812012
24710083 74826050
78961181 40386963
2639771 11654663
58377075 9506226
58084106 26553345
68280029 64047241
46231079 67874145
59771728 87704467
16534424 25720215
83914184 22787476
82168579 62976074
41744995 74368286
95117187 77752685
85256958 97463989
80099487 12936402
47500610 7827759
30355835 78414917
29895020 7025147
18518067 1620484
24896240 62365723
25622559 72027588
2145386 32354737
41409302 95223999
36209107 78289795
39047241 22158814
4058838 52587891
77392578 69232178
30392456 4516602
33898926 94824218
8941651 93936157
21353150 47879028
77856445 53646851
91473388 54205322
77359009 91030883
78591919 56085205
67712402 69543457
86483764 70837402
35675049 60736084
71469116 83929443
67562866 7403565
24960327 42318726
17037964 88485717
8526612 63586426
45745850 26351929
44628906 26519776
64920044 27105713
16149903 58786011
56112671 94503784
77816772 87274170
99121093 8148194
32696533 66772461
85290527 6552124
76824951 52590942
44284058 65716553
65139770 32745362
62451172 13842774
1831055 85351562
20922852 72793579
8209229 76818847
31570435 66946411
71276855 66519165
98919677 90063476
26034546 33480835
86196899 70755005
74761963 90835571
13555909 27252197
96279907 3530884
66714477 52032471
48425293 75030517
44015503 16952515
16784668 18551636
20120240 39523316
12847901 78521728
54412842 942994
74713135 17846680
22271729 56503296
73434448 36618042
97296142 29022217
78186035 37902832
62664795 25878906
83306884 6216431
79678344 70339966
50424194 14337159
91696167 87747192
68695068 24023438
91531372 37222290
86389160 96353149
30435181 29492188
16830445 77230835
96826171 21496582
71923828 73703003
42871094 28347779
26327515 86746215
87026977 43325806
65396118 16116333
70697021 6481934
20083618 2880860
97119140 12530518
41830444 25283814
30575562 98580932
20669556 13552857
84124756 2426148
99563598 99282836
73889160 31915283
88211059 64996338
68109131 36135864
29360962 9548951
9017945 18927002
20794678 94958496
35708618 85437011
46090698 90319824
86102295 62301636
17337036 78408813
6137085 82073974
82833862 40597534
44311523 72549438
2999878 85739135
59704590 41592407
47540283 38589478
21603394 98089599
17056275 53460693
28836060 99673461
42166138 68667602
26989746 67819214
63305664 67425537
51574707 60949707
44317627 60827637
75311279 46185303
22946167 58508301
87619018 60339355
51382446 42626953
84490966 790406
29968262 10815430
96817016 36877442
87182617 3656006
35314942 82434082
9054566 82400512
80197143 20043946
71105957 72476196
93682861 17721558
75961303 38455200
83474731 28576660
49749756 6082154
95373535 14123536
411988 97012329
63070679 81826782
91061401 91848754
93328857 77563476
31488037 87152099
14627076 23559571
40979004 61990356
67401123 42489624
85519409 19708252
64022827 58303833
42572022 20507813
96621704 14459229
96478271 70471191
20889283 161744
17681885 82650757
93975830 25216675
28860474 75875854
94625854 34155274
11068726 26855469
3659058 256348
53085327 41232300
72918701 90039062
97030639 59216309
60845947 38928223
83389282 61404419
62750244 28637696
48577881 90423584
13958741 6988526
78198242 54022217
93917846 40670776
69042969 25225830
9420777 41696167
3039551 5187989
85046386 58074951
86233520 64376831
38943482 69384765
55923462 27676392
72113037 77847290
9082032 19094849
49273682 35540772
55224609 31634522
99456787 98361206
46768189 38009644
14462281 47378540
90093994 7791138
73287964 68191528
90374755 46624756
70642090 28921509
33331299 23153687
77713012 47457886
57015991 99258422
13272095 88586425
16778565 29220581
53250122 81637573
96490478 43502808
56924438 99249267
69216919 82669067
37835693 87899780
60409546 97180175
57540893 90829467
16760254 78576660
70352173 53942871
33853150 37789917
97189331 55374145
45730591 96109008
56634521 49298096
29489136 4470826
31353760 64620972
28057862 56729126
97988891 49185181
44238281 12442017
98669433 94605
9179688 94903564
82208252 70822143
78393554 79965210
93209838 95669555
58416748 41305542
37091065 22262574
17276001 67791748
99252319 92657470
81866455 18505860
46447754 63717651
75363159 31118775
88525390 7379151
97799682 49191284
28625488 81393432
2938843 84048462
79995727 11248780
74551391 76861572
77523803 73806762
55236816 76528930
62124634 23348999
30905152 99029541
66104126 50619507
24063111 83816528
77627563 15502930
98986816 12930298
12408448 43969727
31961060 8422852
70748901 29870606
49658203 73721313
8071900 32293701
88827514 94573974
97027587 9002686
80395508 65182495
9350586 76663208
11077881 55157471
95556640 38439942
65701294 82925415
90618896 69601440
3268433 11184693
23751831 1773072
69973755 30090332
60400391 96417236
2239991 43731690
54614258 48236084
22912598 25558472
39871216 9039307
83764648 58398437
36508179 72778320
57397461 24639893
3887940 12329102
31689453 62265015
15408326 8642579
9893799 52294922
84490966 62927246
69558716 53341675
19677735 32443237
83322143 48822021
36932373 80566406
54776001 22518921
7330323 81738281
72473144 28067017
68185425 71905517
35235596 68026733
75802612 85119629
51876831 48132324
27951050 66864014
68457031 22381592
34197998 4788208
26205445 94564819
62194824 67437744
3234864 91848754
38085938 91619873
43164063 76077270
29141236 9033204
23779297 8383179
86737060 52761841
68872070 32736206
77804565 34298706
56347656 94088745
82904052 31692505
25765991 56674194
88992309 79449463
38400269 38174439
55081177 817872
92980957 25286865
78833008 73095703
50219727 86404419
42285156 66537475
69244385 46945190
64782715 47564697
9072876 43048096
41293335 86819458
98266601 19183350
94143676 62744140
25842285 85339355
16430664 1293946
56631470 99417114
35083008 42398071
24157715 90423584
71832275 73815918
4187012 88140869
30136109 22991944
22058106 74819946
86203003 47549439
96939086 24627686
12243653 15036011
76113891 46362305
10086060 12551880
62435913 95141601
83245849 76898193
88073730 68658447
25625611 85839843
37658692 53625488
54913330 1141358
74002075 38046265
68847656 3976441
69424438 54922485
52453613 13345337
95928955 73043823
14395142 28140259
77255249 463868
80529785 83444214
55981445 16299439
22827149 61721802
78790283 96478271
51773071 49539185
53027344 49050903
50360107 80377197
77667236 24700928
77810669 54241943
1818848 18075562
21151734 74624634
13906861 25561524
22763062 93496704
14624024 75140381
62045288 4916382
76812744 93905639
19274903 77908325
45379639 28958130
99856567 69213867
80364990 87185669
47018433 6567383
96319580 9646607
21127320 83074951
1089478 46160889
73718261 53381348
87127685 45672607
94393920 72213745
78482055 28112793
58670044 65908813
86569214 53298950
54956055 77606201
77868652 52542114
18737793 76678467
6634522 38565064
52133179 73043823
15811158 59371948
56890869 27011109
59182739 11703492
59039307 95220947
47994995 79647827
53210449 3372193
75070190 14120484
44851685 86318969
19619751 18746949
18399048 86175537
85812378 57843017
9558106 49069214
78292846 52078247
9805298 11123658
67706299 77462768
81243896 14349366
49411011 33282471
9936524 43026733
48474121 94595336
75845337 21243286
74066162 14938355
67480469 62149048
76412964 94836425
19421387 9637452
9414673 81771850
802613 63012695
52026367 17211914
32907105 25283814
91589355 96347045
63983154 65744018
22167969 56127930
79403686 37390137
61077881 57275391
75320434 39892578
36682129 75833130
73910522 68679809
50616455 69924927
8349610 40768433
67547607 37353516
55627441 37997437
35583496 29611206
45358276 58258057
90509033 37973023
22686768 15359497
46881104 17306519
93405151 78158569
29226685 63162231
29443360 89553833
46337891 7846070
62829590 56008911
61917114 51040649
46231079 48202515
64590454 90628051
8264161 3417969
90487670 69332886
81619262 70346069
1474000 2813721
32171631 86877441
72180176 4818726
67199707 31527710
88925171 75039673
50833130 39117432
13711548 65286255
4833985 21356201
16354370 89605712
22875977 82907104
27914429 93978881
76422119 73602295
18545533 51193237
40298462 67404175
52877808 96560668
16174317 8761597
26058960 70062256
81967163 16964722
33590698 80566406
45379639 89141845
78091430 57754517
29647827 92489624
66073608 7345581
69653320 86434936
97903442 35293579
46508789 65240478
4031373 56521606
38726807 61801147
30676270 53890991
18145752 3164673
27984619 2951050
68692016 58441162
43927002 28155518
56100464 69735718
76913452 6161499
26779175 6683350
90383911 81784057
63858032 35278320
42398071 12319947
78619384 41549683
33392334 5773926
65383911 784302
25259400 68679809
98013305 32839966
34790039 29116821
96130371 34255982
54699707 50534058
39190674 27713013
5297852 2020264
56546020 19528199
69946289 665284
71578979 5761719
17428589 91586303
28100586 17596436
64382934 81304931
77066040 46591187
80859375 90036010
51797485 40441895
92202758 38580322
9777832 9890747
80328369 35394287
69195556 37365723
37539673 79473877
18325806 28027344
76022339 44708252
25906372 93811035
46109009 61273193
30584717 11108399
66476440 59744263
37631226 42697144
19360352 93521118
958252 64569092
13958741 5194092
18661499 88244629
71099853 52478027
20135498 19247437
32351685 59362793
72912597 42300415
46643066 8056641
87368774 73956299
37564087 37396240
47409058 73175049
4455567 63302612
45230103 50576782
60403442 86968994
48333740 66952514
60284424 6323243
76879883 61624145
21969605 96487426
19519043 1345826
93811035 74752807
65832519 90325927
71554565 15795899
83477783 32000733
17779541 32696533
18222046 83203125
87020874 89385986
44909668 91329956
9652710 60198975
47567749 55151367
37707520 2087403
56716919 99856567
5734253 55181885
22042847 7015992
9802246 37280274
48532105 90020752
57818603 47906494
74230957 55670166
94244384 47592163
17715454 42517090
52343750 27923584
73403930 76589966
37112427 38104248
82882690 35125733
92001342 83523559
60278320 58938599
52517700 62063599
99917602 4034424
39910889 53695679
44284058 73135376
97988891 29061890
40490723 17675782
26239014 92578125
63330078 50952148
12362671 25765991
33068848 63040161
17343140 46405029
6069947 78070068
16183472 49105835
66430664 44522095
47424316 42974854
96670532 99163818
74584961 51974487
55691528 95233154
12646485 93588256
42068482 35494995
22686768 1446534
70812988 836182
27801514 7513428
41748047 14965821
53472900 49468994
27609253 35879517
45428467 18920899
59994507 14715577
68203735 16061402
41284180 12612915
37469483 26367188
60671997 16192627
89285278 85034179
42425537 42321777
39398193 44708252
4479981 72729492
35675049 12176514
55532837 9158326
56869507 69595337
8721924 89627075
60763550 45965576
40036011 56466675
34863281 54388428
69573974 16729737
52764893 60775757
93792724 85610962
89306640 99639892
46838379 53500366
97619628 2569581
19122315 67297363
1239014 55032349
11230469 66604614
4364014 47109985
51321411 65420532
73428344 33828736
54125977 19982910
93045044 70657348
49664307 73364258
49536133 39840698
59832764 17437744
45092773 33178711
50933838 62860107
95736694 6866456
40353394 57696533
16210938 74044800
85424804 45288086
44873047 50653076
32659912 2005005
11788941 20239258
55468750 45523071
3088379 33343506
58450317 54202270
24761963 7061768
76449585 88256836
18966675 40438843
46420288 53286743
36026001 11315918
80310058 96823120
15182495 70236206
17019654 78509521
77316284 97039794
81582641 4531861
82635498 35797119
29727173 66946411
56600952 73681640
5886841 78494262
37081909 79397583
92816162 43576050
45971680 66821289
80953979 55950928
38296509 99465942
35614014 63851929
32034302 1370240
90151977 93093872
71691894 90066528
43267822 68798828
28805542 97259521
88485717 26409912
92474365 92816162
54019165 52563477
53082275 77670288
81115722 46490479
32275391 61364746
18963623 42523193
62365723 89712524
64379883 84381103
68292236 38339234
24310303 91836547
55218506 37637329
29309082 10385132
54937744 44799805
76156616 84542846
34179688 28543091
27639771 45410156
17971802 82177734
47750855 53121948
31146240 30575562
320435 84790039
11148072 46752930
89260864 8590699
95257568 43627930
68545532 34609986
35342407 56591797
33570 83065796
43295288 82550049
87261963 60540771
20217896 91003418
63360596 84851074
72570801 72845459
61178589 49163818
68331909 42483521
43756104 66009521
36318970 58883667
23294068 81793213
61813354 81195068
46704102 2447510
81582641 24588013
75900268 20822144
31469727 31884766
40933228 86486816
49606323 26657105
94110107 8526612
88452148 63369751
43194580 31951904
38726807 40249634
91864013 78411865
18383789 90460205
65496826 91735839
29763794 17208863
50448608 79031372
38003540 88439941
24905396 87884521
73910522 56738281
9512330 10324097
14309693 20004273
15786744 54177856
43124390 88632202
20581055 72430420
46191406 74716186
44580078 91204834
43020630 68963623
63076782 27026367
8581543 20953369
27062989 33941651
88256836 88287353
22824097 71157837
59085083 70373535
48117065 31823731
40423584 92349243
33078003 23553467
7131958 54864502
83993530 41339111
8444214 15283203
78027343 23471070
45608521 15985108
87078857 31091309
11456299 25320435
58825684 42007446
45001221 6933594
33163452 99386596
4205323 82989502
22085572 5947876
10037232 6997681
31198120 4306031
64938354 11816407
50918579 34066773
98828125 48495483
95571899 6292725
45785523 81533813
18429566 85986328
4501343 56243896
80868530 23214722
85659790 3781128
3744507 23477173
99349975 99505615
79135132 97961425
85647583 40301514
70526123 84304809
41476441 56442261
79647827 78503418
46893311 23660279
7983399 68551636
43914795 91061401
91177368 10488892
70989990 90435791
34387207 37445068
6292725 42684937
26754761 42309570
22882080 26922608
63095093 24679566
8956910 27890015
50939941 42675781
56237793 27337647
31060791 60260010
69631958 54959106
89581298 30709839
1348877 64529419
89840698 6817627
62530517 50848389
2081299 18505860
15533448 73165893
59130859 8435059
27466 628663
16171265 66229248
95996093 45455933
42761231 51989746
76776123 99435424
25167847 49670410
55255127 39337158
7223511 40966797
76364135 16934204
47741699 40341187
58999634 99188232
22686768 81796264
40444946 74270630
50183105 98043823
26504517 89025879
66506958 82675171
381470 33511353
31170654 75958252
93508911 38217163
89245605 64901733
71386719 99615478
69027710 38204956
37609863 99664306
43185425 86700439
9164429 34869385
31500244 89941406
66152954 20535279
73345947 79547119
29049683 85858154
48010254 19924927
66625976 25442505
70999145 97003173
87652588 22906494
44433594 55599976
19540406 12158204
89688110 76040649
26992798 92028808
40359497 30670166
73834228 59811401
23733521 10867310
81140136 79394531
8847046 65182495
84750366 49594116
49261475 39260864
45361328 88278198
98709106 58102417
14242554 97970581
27709961 41390991
7763672 28500366
19268799 92388916
93844604 2365113
71844482 51153564
43420410 18399048
87619018 52578735
50085449 99386596
74285888 79992675
71023559 99264526
38400269 54858398
92355346 35504151
98504638 53237915
72021484 62310791
96057128 89651489
63320923 50280762
32360840 58920288
72262573 88116455
9603882 76681518
51797485 72048950
4101563 9109497
86126709 98574829
49899292 32565308
68142700 26132202
60876465 13732911
23178101 21362305
69406128 50885010
82156372 55541992
9774781 66921997
57296753 66873169
24447632 94766235
23461914 54177856
21310425 45812988
58319092 17691040
59994507 1956177
44400024 12539673
95462036 21905518
86190796 30529785
56912231 2395630
45416260 75915527
90176391 84866333
47589111 50686646
41729736 48309326
62966919 15100098
12390137 78863525
15075684 38998413
58914184 56781006
19879151 9591675
71533203 51409912
8734131 11297608
5624390 64819336
38275147 43292236
95565795 14666748
40316773 90362548
28991699 96954345
14941407 12719727
9475708 19293213
19863892 70370483
85864257 45300293
59222412 47695923
76296997 40756226
24877930 93847656
65097046 62139892
93420410 44567871
634766 78173828
31933594 41125488
72296142 65005493
15676880 11895752
94671630 65640259
10830689 32299805
77099609 54257202
25369263 28665161
6686402 96041870
81243896 41668701
22930908 43148804
10989380 14981079
12069703 57403564
31845093 24707032
99276733 421143
555420 15289307
66839599 81698608
1959229 57492065
76440429 5371094
74481201 94055175
23657227 6195069
25692749 88684082
2822876 15438843
40982056 43984985
10348511 47268677
38583374 3964234
64669800 46273804
73956299 6723023
70898437 86740112
46743774 2984620
8346558 64321899
13378907 6051636
69000244 70700073
58483887 88839721
25115967 91897583
28189087 93603515
54037476 20831299
78475952 69995117
98373413 24765015
41693115 7049561
89627075 58251953
64370727 74755859
13449097 62222290
19436646 40817261
44613648 39828491
45962524 78222656
29840088 49670410
19607544 29287720
46597290 7015992
6811524 41735840
16000367 33685303
5926514 42498779
97946167 47167969
28387451 64825439
46591187 29623413
23028565 94342041
54315186 67391968
96716308 49679565
62261963 1663208
34365845 63284302
65652466 80853271
71524048 78079223
91897583 55413818
22589112 25546265
79727173 5612183
17858887 872803
37399292 42974854
52441406 823975
8135987 75955200
256348 39904785
20938111 80523681
96151733 10482788
54824829 66220093
39355469 2484131
94729614 78387451
21313477 48269653
7092286 27120972
31063843 8343506
13299561 83630371
41296387 63504028
89123535 34582520
28176880 29067993
68243408 35116577
28115845 56787109
77996826 51065063
84533691 40075684
85494995 31103516
87838745 88208007
82196045 99389648
61648559 85055542
85092163 9317017
98461914 98043823
82626342 49069214
97851562 52920532
3442383 39517212
10317994 39959717
36138916 15142823
39938355 67263794
78091430 28591919
8944703 26721192
41537476 69491577
37304688 88317871
94979858 38131714
40496826 88381958
68096924 64675903
98577880 27395630
98220825 14492798
99627685 43002319
46575928 70257568
10778809 73849487
62353516 31402588
79873657 79846191
22747803 21630860
20941162 34527588
27120972 45013428
86557006 55084228
73385620 81359863
80267334 85726928
94726562 61486816
12164307 99993896
84811401 12982178
50756836 37631226
89602661 17086792
74249267 41665649
93890380 67364502
74359131 11291504
80679321 70736694
15814209 36212158
91552734 81515503
4608155 28054810
66140747 9103394
68203735 14459229
88806152 89913940
753785 11523438
20700074 64190674
76495361 40158081
45263672 48339844
84420776 2023316
5364991 43392944
87390136 80682373
60137939 70208740
58740234 83535766
39694214 72091675
99603271 90234375
25781250 75387573
89984130 23156739
36575318 48727417
76757812 5557251
43679810 51528931
51718140 23062134
99484252 12374878
22769165 54113769
2984620 27902222
31430054 84948730
82241821 22827149
19735718 74816894
21517945 61718750
99682617 86987304
11297608 53167725
28338623 51214600
49288940 36956787
41744995 73278808
70486450 94857788
50726318 57205200
34518433 75698852
51736450 55813599
48291016 75302124
55895996 15225220
52145386 61944580
89270019 28912354
47607422 87933349
67605591 66967773
94845581 77957153
98580932 96185302
58016968 34796143
14739991 56582642
26550293 53073120
90188598 9991455
90554809 81610107
44229126 26364136
98452758 25048828
85018921 23376465
74957275 25363159
96408081 24981690
27532959 13873291
21047974 54544067
19451905 74386596
42932129 28158570
37573242 8105469
22451783 63793945
32998657 40921021
87152099 71884155
62667847 63696289
31237793 42980957
10079956 46209717
27020264 98120117
13241578 15322876
1388550 17474366
77947998 38070679
80462646 13000489
4565430 213624
55502319 60598755
6393433 20971680
73281860 57528686
47772217 94473266
3936768 20596314
80020141 98617553
89544677 90798950
3372193 61920166
26440430 60070801
32998657 29013062
84475708 85675048
97268676 15396119
16302491 7955933
46347046 92059326
59838867 37014771
99276733 90621948
86993408 23956299
7678223 69616699
1840210 82354736
64132690 32501221
41299439 75500488
33474732 38088989
81509399 35131836
35012818 93957519